R version 3.2.3 (2015-12-10) -- "Wooden Christmas-Tree"
Copyright (C) 2015 The R Foundation for Statistical Computing
Platform: x86_64-pc-linux-gnu (64-bit)

R is free software and comes with ABSOLUTELY NO WARRANTY.
You are welcome to redistribute it under certain conditions.
Type 'license()' or 'licence()' for distribution details.

  Natural language support but running in an English locale

R is a collaborative project with many contributors.
Type 'contributors()' for more information and
'citation()' on how to cite R or R packages in publications.

Type 'demo()' for some demos, 'help()' for on-line help, or
'help.start()' for an HTML browser interface to help.
Type 'q()' to quit R.

> library(scbursts)
> dwells <- clampfit.read('Figure1.xlsx')
Warning message:
In sc(states, dwells, seg = 1, start_time = 0, name = util.basename(filename)) :
  Burst seems to have been misrecorded!
> bursts <- bursts.defined_by_tcrit(dwells,100,units='ms')
Warning messages:
1: In bursts.defined_by_tcrit(dwells, 100, units = "ms") :
  Merging all recordings into one recording.
2: In bursts.defined_by_tcrit(dwells, 100, units = "ms") :
  Burst 7 seems to have been misrecorded!
> twoplus <- function(seg){return(segment.count_open(seg)>=2)}
> bursts_twoplus <- bursts.select(bursts,twoplus)
> dwells
[[1]]
    states    dwells
1        1 0.0240000
2        0 0.1186995
3        1 0.0013982
4        0 0.0014023
5        1 0.0026995
6        0 0.0003005
7        1 0.0106995
8        0 0.0005000
9        1 0.0311990
10       0 0.0026015
11       1 0.0255977
12       0 0.4986993
13       1 0.0106015
14       0 0.4768010
15       1 0.0018982
16       0 0.0011018
17       1 0.0060000
18       0 0.0005000
19       1 0.0383005
20       0 0.0030977
21       1 0.0203008
22       0 0.0013010
23       1 0.0005975
24       0 0.0144025
25       1 0.0008982
26       0 0.0011018
27       1 0.0143005
28       0 0.0005977
29       1 0.0078008
30       0 0.0153010
31       1 0.0058982
32       0 0.0071993
33       1 0.0005000
34       0 0.0007030
35       1 0.0280000
36       0 0.0005000
37       1 0.0185000
38       0 0.0005000
39       1 0.0025000
40       0 0.0001995
41       1 0.0201990
42       0 0.0010000
43       1 0.0031015
44       0 0.0067970
45       1 0.0183007
46       0 0.0014023
47       1 0.1056995
48       0 0.0153982
49       1 0.0531018
50       0 0.0028005
51       1 0.0065977
52       0 0.2513008
53       1 0.0090000
54       0 0.2645000
55       1 0.0515000
56       0 0.0828985
57       1 0.0396015
58       0 0.0233010
59       1 0.0095000
60       0 0.0011990
61       1 0.0948985
62       0 0.0036015
63       1 0.0081015
64       0 0.1112970
65       1 0.0002030
66       0 0.0003985
67       1 0.0011992
68       0 0.0051018
69       1 0.0055975
70       0 0.0050000
71       0 0.0535975
72       1 0.0012030
73       0 0.0015977
74       1 0.0758008
75       0 0.0026015
76       1 0.0325000
77       0 0.0067970
78       1 0.0151015
79       0 0.0393985
80       1 0.1056015
81       0 0.1788010
82       1 0.0238982
83       0 0.0658008
84       1 0.0808985
85       0 0.0098007
86       1 0.0941993
87       0 0.1739025
88       1 0.1106990
89       0 0.0581015
90       1 0.0006995
91       0 0.0288982
92       1 0.0806993
93       0 0.0278007
94       1 0.0609023
95       0 0.0001995
96       1 0.0010975
97       0 0.0007030
98       1 0.0820000
99       0 0.0006995
100      1 0.0255000
101      0 0.0016990
102      1 0.0260000
103      0 0.0010000
104      1 0.0203985
105      0 0.0002030
106      1 0.0022970
107      0 0.0004025
108      1 0.0033982
109      0 0.1586018
110      1 0.0005000
111      0 0.0015000
112      1 0.0058005
113      0 0.0825000
114      1 0.0012970
115      0 0.0189025
116      1 0.0510975
117      0 0.0514025
118      1 0.0013005
119      0 0.0025000
120      1 0.0247970
121      0 0.0017030
122      1 0.0017970
123      0 0.0008007
124      1 0.0006993
125      0 0.0009025
126      1 0.0065975
127      0 0.0060000
128      1 0.1101015
129      0 0.0088010
130      1 0.0233982
131      0 0.0014023
132      1 0.0187970
133      0 0.0010000
134      1 0.0045000
135      0 0.0863007
136      1 0.0004023
137      0 0.0038985
138      1 0.0011992
139      0 0.0010000
140      1 0.0031018
141      0 0.0300000
142      1 0.0031990
143      0 1.1806014
144      1 0.0145977
145      0 0.0289023
146      1 0.0213985
147      0 0.4286015
148      1 0.0447970
149      0 0.1250000
150      1 0.0329025
151      0 0.0020000
152      1 0.0023005
153      0 0.0007970
154      1 0.0020000
155      0 0.0006015
156      1 0.0006992
157      0 0.0006993
158      1 0.0038007
159      0 0.2998008
160      1 0.0088010
161      0 0.0050975
162      1 0.0388007
163      0 0.1013008
164      1 0.0016015
165      0 0.2015000
166      1 0.0008985
167      0 0.0426992
168      1 0.0059023
169      0 1.3063986
170      1 0.0066992
171      0 0.0031993
172      1 0.0022030
173      0 1.3868986
174      1 0.0146015
175      0 0.1992970
176      1 0.0230000
177      0 0.0012030
178      1 0.0593985
179      0 0.0003985
180      1 0.0080000
181      0 0.0002030
182      1 0.0018985
183      0 0.0011992
184      1 0.0448008
185      0 0.0010000
186      1 0.0071992
187      0 0.0006993
188      1 0.0111015
189      0 0.0003010
190      1 0.0311990
191      0 0.0018985
192      1 0.0140000
193      0 0.0010000
194      1 0.0473007
195      0 0.1756993
196      1 0.0112030
197      0 1.4371956
198      1 0.0077030
199      0 0.0016015
200      1 0.0166016
201      0 0.7375939
202      1 0.0447030
203      0 0.0017031
204      1 0.0245000

> bursts
[[1]]
  states dwells
1      1  0.024

[[2]]
  states    dwells
1      1 0.0013982
2      0 0.0014023
3      1 0.0026995
4      0 0.0003005
5      1 0.0106995
6      0 0.0005000
7      1 0.0311990
8      0 0.0026015
9      1 0.0255977

[[3]]
  states    dwells
1      1 0.0106015

[[4]]
   states    dwells
1       1 0.0018982
2       0 0.0011018
3       1 0.0060000
4       0 0.0005000
5       1 0.0383005
6       0 0.0030977
7       1 0.0203008
8       0 0.0013010
9       1 0.0005975
10      0 0.0144025
11      1 0.0008982
12      0 0.0011018
13      1 0.0143005
14      0 0.0005977
15      1 0.0078008
16      0 0.0153010
17      1 0.0058982
18      0 0.0071993
19      1 0.0005000
20      0 0.0007030
21      1 0.0280000
22      0 0.0005000
23      1 0.0185000
24      0 0.0005000
25      1 0.0025000
26      0 0.0001995
27      1 0.0201990
28      0 0.0010000
29      1 0.0031015
30      0 0.0067970
31      1 0.0183007
32      0 0.0014023
33      1 0.1056995
34      0 0.0153982
35      1 0.0531018
36      0 0.0028005
37      1 0.0065977

[[5]]
  states dwells
1      1  0.009

[[6]]
  states    dwells
1      1 0.0515000
2      0 0.0828985
3      1 0.0396015
4      0 0.0233010
5      1 0.0095000
6      0 0.0011990
7      1 0.0948985
8      0 0.0036015
9      1 0.0081015

[[7]]
   states    dwells
1       1 0.0002030
2       0 0.0003985
3       1 0.0011992
4       0 0.0051018
5       1 0.0055975
6       0 0.0050000
7       0 0.0535975
8       1 0.0012030
9       0 0.0015977
10      1 0.0758008
11      0 0.0026015
12      1 0.0325000
13      0 0.0067970
14      1 0.0151015
15      0 0.0393985
16      1 0.1056015

[[8]]
  states    dwells
1      1 0.0238982
2      0 0.0658008
3      1 0.0808985
4      0 0.0098007
5      1 0.0941993

[[9]]
   states    dwells
1       1 0.1106990
2       0 0.0581015
3       1 0.0006995
4       0 0.0288982
5       1 0.0806993
6       0 0.0278007
7       1 0.0609023
8       0 0.0001995
9       1 0.0010975
10      0 0.0007030
11      1 0.0820000
12      0 0.0006995
13      1 0.0255000
14      0 0.0016990
15      1 0.0260000
16      0 0.0010000
17      1 0.0203985
18      0 0.0002030
19      1 0.0022970
20      0 0.0004025
21      1 0.0033982

[[10]]
   states    dwells
1       1 0.0005000
2       0 0.0015000
3       1 0.0058005
4       0 0.0825000
5       1 0.0012970
6       0 0.0189025
7       1 0.0510975
8       0 0.0514025
9       1 0.0013005
10      0 0.0025000
11      1 0.0247970
12      0 0.0017030
13      1 0.0017970
14      0 0.0008007
15      1 0.0006993
16      0 0.0009025
17      1 0.0065975
18      0 0.0060000
19      1 0.1101015
20      0 0.0088010
21      1 0.0233982
22      0 0.0014023
23      1 0.0187970
24      0 0.0010000
25      1 0.0045000
26      0 0.0863007
27      1 0.0004023
28      0 0.0038985
29      1 0.0011992
30      0 0.0010000
31      1 0.0031018
32      0 0.0300000
33      1 0.0031990

[[11]]
  states    dwells
1      1 0.0145977
2      0 0.0289023
3      1 0.0213985

[[12]]
  states   dwells
1      1 0.044797

[[13]]
  states    dwells
1      1 0.0329025
2      0 0.0020000
3      1 0.0023005
4      0 0.0007970
5      1 0.0020000
6      0 0.0006015
7      1 0.0006992
8      0 0.0006993
9      1 0.0038007

[[14]]
  states    dwells
1      1 0.0088010
2      0 0.0050975
3      1 0.0388007

[[15]]
  states    dwells
1      1 0.0016015

[[16]]
  states    dwells
1      1 0.0008985
2      0 0.0426992
3      1 0.0059023

[[17]]
  states    dwells
1      1 0.0066992
2      0 0.0031993
3      1 0.0022030

[[18]]
  states    dwells
1      1 0.0146015

[[19]]
   states    dwells
1       1 0.0230000
2       0 0.0012030
3       1 0.0593985
4       0 0.0003985
5       1 0.0080000
6       0 0.0002030
7       1 0.0018985
8       0 0.0011992
9       1 0.0448008
10      0 0.0010000
11      1 0.0071992
12      0 0.0006993
13      1 0.0111015
14      0 0.0003010
15      1 0.0311990
16      0 0.0018985
17      1 0.0140000
18      0 0.0010000
19      1 0.0473007

[[20]]
  states   dwells
1      1 0.011203

[[21]]
  states    dwells
1      1 0.0077030
2      0 0.0016015
3      1 0.0166016

[[22]]
  states    dwells
1      1 0.0447030
2      0 0.0017031
3      1 0.0245000

> bursts_twoplus
[[1]]
  states    dwells
1      1 0.0013982
2      0 0.0014023
3      1 0.0026995
4      0 0.0003005
5      1 0.0106995
6      0 0.0005000
7      1 0.0311990
8      0 0.0026015
9      1 0.0255977

[[2]]
   states    dwells
1       1 0.0018982
2       0 0.0011018
3       1 0.0060000
4       0 0.0005000
5       1 0.0383005
6       0 0.0030977
7       1 0.0203008
8       0 0.0013010
9       1 0.0005975
10      0 0.0144025
11      1 0.0008982
12      0 0.0011018
13      1 0.0143005
14      0 0.0005977
15      1 0.0078008
16      0 0.0153010
17      1 0.0058982
18      0 0.0071993
19      1 0.0005000
20      0 0.0007030
21      1 0.0280000
22      0 0.0005000
23      1 0.0185000
24      0 0.0005000
25      1 0.0025000
26      0 0.0001995
27      1 0.0201990
28      0 0.0010000
29      1 0.0031015
30      0 0.0067970
31      1 0.0183007
32      0 0.0014023
33      1 0.1056995
34      0 0.0153982
35      1 0.0531018
36      0 0.0028005
37      1 0.0065977

[[3]]
  states    dwells
1      1 0.0515000
2      0 0.0828985
3      1 0.0396015
4      0 0.0233010
5      1 0.0095000
6      0 0.0011990
7      1 0.0948985
8      0 0.0036015
9      1 0.0081015

[[4]]
   states    dwells
1       1 0.0002030
2       0 0.0003985
3       1 0.0011992
4       0 0.0051018
5       1 0.0055975
6       0 0.0050000
7       0 0.0535975
8       1 0.0012030
9       0 0.0015977
10      1 0.0758008
11      0 0.0026015
12      1 0.0325000
13      0 0.0067970
14      1 0.0151015
15      0 0.0393985
16      1 0.1056015

[[5]]
  states    dwells
1      1 0.0238982
2      0 0.0658008
3      1 0.0808985
4      0 0.0098007
5      1 0.0941993

[[6]]
   states    dwells
1       1 0.1106990
2       0 0.0581015
3       1 0.0006995
4       0 0.0288982
5       1 0.0806993
6       0 0.0278007
7       1 0.0609023
8       0 0.0001995
9       1 0.0010975
10      0 0.0007030
11      1 0.0820000
12      0 0.0006995
13      1 0.0255000
14      0 0.0016990
15      1 0.0260000
16      0 0.0010000
17      1 0.0203985
18      0 0.0002030
19      1 0.0022970
20      0 0.0004025
21      1 0.0033982

[[7]]
   states    dwells
1       1 0.0005000
2       0 0.0015000
3       1 0.0058005
4       0 0.0825000
5       1 0.0012970
6       0 0.0189025
7       1 0.0510975
8       0 0.0514025
9       1 0.0013005
10      0 0.0025000
11      1 0.0247970
12      0 0.0017030
13      1 0.0017970
14      0 0.0008007
15      1 0.0006993
16      0 0.0009025
17      1 0.0065975
18      0 0.0060000
19      1 0.1101015
20      0 0.0088010
21      1 0.0233982
22      0 0.0014023
23      1 0.0187970
24      0 0.0010000
25      1 0.0045000
26      0 0.0863007
27      1 0.0004023
28      0 0.0038985
29      1 0.0011992
30      0 0.0010000
31      1 0.0031018
32      0 0.0300000
33      1 0.0031990

[[8]]
  states    dwells
1      1 0.0145977
2      0 0.0289023
3      1 0.0213985

[[9]]
  states    dwells
1      1 0.0329025
2      0 0.0020000
3      1 0.0023005
4      0 0.0007970
5      1 0.0020000
6      0 0.0006015
7      1 0.0006992
8      0 0.0006993
9      1 0.0038007

[[10]]
  states    dwells
1      1 0.0088010
2      0 0.0050975
3      1 0.0388007

[[11]]
  states    dwells
1      1 0.0008985
2      0 0.0426992
3      1 0.0059023

[[12]]
  states    dwells
1      1 0.0066992
2      0 0.0031993
3      1 0.0022030

[[13]]
   states    dwells
1       1 0.0230000
2       0 0.0012030
3       1 0.0593985
4       0 0.0003985
5       1 0.0080000
6       0 0.0002030
7       1 0.0018985
8       0 0.0011992
9       1 0.0448008
10      0 0.0010000
11      1 0.0071992
12      0 0.0006993
13      1 0.0111015
14      0 0.0003010
15      1 0.0311990
16      0 0.0018985
17      1 0.0140000
18      0 0.0010000
19      1 0.0473007

[[14]]
  states    dwells
1      1 0.0077030
2      0 0.0016015
3      1 0.0166016

[[15]]
  states    dwells
1      1 0.0447030
2      0 0.0017031
3      1 0.0245000

