R version 3.2.3 (2015-12-10) -- "Wooden Christmas-Tree"
Copyright (C) 2015 The R Foundation for Statistical Computing
Platform: x86_64-pc-linux-gnu (64-bit)

R is free software and comes with ABSOLUTELY NO WARRANTY.
You are welcome to redistribute it under certain conditions.
Type 'license()' or 'licence()' for distribution details.

  Natural language support but running in an English locale

R is a collaborative project with many contributors.
Type 'contributors()' for more information and
'citation()' on how to cite R or R packages in publications.

Type 'demo()' for some demos, 'help()' for on-line help, or
'help.start()' for an HTML browser interface to help.
Type 'q()' to quit R.

> library(scbursts)
> dwells <- dwt.read('example1_qub.dwt')
> bursts <- bursts.defined_by_tcrit(dwells,100,units='ms')
> twoplus <- function(seg){return(segment.count_open(seg)>=2)}
> bursts_twoplus <- bursts.select(bursts,twoplus)
> dwells
[[1]]
    states   dwells
1        1 0.001380
2        0 0.000034
3        1 0.001759
4        0 0.000312
5        1 0.001201
6        0 0.000535
7        1 0.000185
8        0 0.000297
9        1 0.000264
10       0 0.000276
11       1 0.000736
12       0 0.000021
13       1 0.000779
14       0 0.000187
15       1 0.001792
16       0 0.000015
17       1 0.002639
18       0 0.002035
19       1 0.000117
20       0 0.001945
21       1 0.000303
22       0 0.002349
23       1 0.002262
24       0 0.000712
25       1 0.000461
26       0 0.000016
27       1 0.001158
28       0 0.001460
29       1 0.000316
30       0 0.000032
31       1 0.001097
32       0 0.000536
33       1 0.000381
34       0 0.000013
35       1 0.002676
36       0 0.000047
37       1 0.000142
38       0 0.000011
39       1 0.000591
40       0 0.000020
41       1 0.003367
42       0 0.000029
43       1 0.000047
44       0 0.000021
45       1 0.004168
46       0 0.000047
47       1 0.000344
48       0 0.000034
49       1 0.000260
50       0 0.000014
51       1 0.002391
52       0 0.000308
53       1 0.003445
54       0 0.000024
55       1 0.003494
56       0 0.000185
57       1 0.001540
58       0 0.000058
59       1 0.000062
60       0 0.000045
61       1 0.000067
62       0 0.000144
63       1 0.000325
64       0 0.000198
65       1 0.001729
66       0 0.000014
67       1 0.000400
68       0 0.000043
69       1 0.000242
70       0 0.000669
71       1 0.000144
72       0 0.023880
73       1 0.001379
74       0 0.000068
75       1 0.000283
76       0 0.000455
77       1 0.000728
78       0 0.000034
79       1 0.000407
80       0 0.000015
81       1 0.001669
82       0 0.000053
83       1 0.002830
84       0 0.000666
85       1 0.000675
86       0 0.000820
87       1 0.000189
88       0 0.000668
89       1 0.000219
90       0 0.000132
91       1 0.001359
92       0 0.000223
93       1 0.002154
94       0 0.000117
95       1 0.000517
96       0 0.000659
97       1 0.000105
98       0 0.000279
99       1 0.001184
100      0 0.000111
101      1 0.000037
102      0 0.000119
103      1 0.000044
104      0 0.000041
105      1 0.000148
106      0 0.000033
107      1 0.000879
108      0 0.000041
109      1 0.000368
110      0 0.000051
111      1 0.002582
112      0 0.000229
113      1 0.005689
114      0 0.000025
115      1 0.000259
116      0 0.000024
117      1 0.002491
118      0 0.000053
119      1 0.000070
120      0 0.000084
121      1 0.001068
122      0 0.000142
123      1 0.003962
124      0 0.000116
125      1 0.000338
126      0 0.000471
127      1 0.001032
128      0 0.000382
129      1 0.000136
130      0 0.000110
131      1 0.001353
132      0 0.000253
133      1 0.000765
134      0 0.000031
135      1 0.000413
136      0 0.000021
137      1 0.004082
138      0 0.000074
139      1 0.000823
140      0 0.000088
141      1 0.001210
142      0 0.000048
143      1 0.001884
144      0 0.000032
145      1 0.000181
146      0 0.000034
147      1 0.002624
148      0 0.000139
149      1 0.002903
150      0 0.000015
151      1 0.000181
152      0 0.002488
153      1 0.000442
154      0 0.000012
155      1 0.001175
156      0 0.000029
157      1 0.004572
158      0 0.000015
159      1 0.001156
160      0 1.508206
161      1 0.000027
162      0 0.018441
163      1 0.000047
164      0 0.132716
165      1 0.000402
166      0 0.000513
167      1 0.001633
168      0 0.000764
169      1 0.000094
170      0 0.000014
171      1 0.000063
172      0 0.000422
173      1 0.000751
174      0 0.000524
175      1 0.000528
176      0 0.000013
177      1 0.000570
178      0 0.000211
179      1 0.001384
180      0 0.000559
181      1 0.000112
182      0 0.000026
183      1 0.000149
184      0 0.000024
185      1 0.000096
186      0 0.000141
187      1 0.002282
188      0 0.000017
189      1 0.000212
190      0 0.000030
191      1 0.000225
192      0 0.000030
193      1 0.002535
194      0 0.000026
195      1 0.000980
196      0 0.000482
197      1 0.000433
198      0 0.000015
199      1 0.002285
200      0 0.000780
201      1 0.000150
202      0 0.000764
203      1 0.000094
204      0 0.000030
205      1 0.000330
206      0 0.000045
207      1 0.000703
208      0 0.000086
209      1 0.000634
210      0 0.000059
211      1 0.000396
212      0 0.000800
213      1 0.000129
214      0 0.000604
215      1 0.000281
216      0 0.000049
217      1 0.000022
218      0 0.000133
219      1 0.001847
220      0 0.000087
221      1 0.005881
222      0 0.000051
223      1 0.000568
224      0 0.000256
225      1 0.000321
226      0 0.000951
227      1 0.000760
228      0 0.000172
229      1 0.001205
230      0 0.000071
231      1 0.000333
232      0 1.257202
233      1 0.002081
234      0 0.000242
235      1 0.000341
236      0 0.000012
237      1 0.000367
238      0 0.000198
239      1 0.001213
240      0 0.000148
241      1 0.000332
242      0 0.000018
243      1 0.001085
244      0 0.000201
245      1 0.004008
246      0 0.001115
247      1 0.000115
248      0 0.000945
249      1 0.001465
250      0 0.000354
251      1 0.000294
252      0 0.001750
253      1 0.001560
254      0 0.000037
255      1 0.000824
256      0 0.000034
257      1 0.001526
258      0 0.000940
259      1 0.003573
260      0 0.000105
261      1 0.000278
262      0 0.001567
263      1 0.004216
264      0 0.000610
265      1 0.000402

> bursts
[[1]]
    states   dwells
1        1 0.001380
2        0 0.000034
3        1 0.001759
4        0 0.000312
5        1 0.001201
6        0 0.000535
7        1 0.000185
8        0 0.000297
9        1 0.000264
10       0 0.000276
11       1 0.000736
12       0 0.000021
13       1 0.000779
14       0 0.000187
15       1 0.001792
16       0 0.000015
17       1 0.002639
18       0 0.002035
19       1 0.000117
20       0 0.001945
21       1 0.000303
22       0 0.002349
23       1 0.002262
24       0 0.000712
25       1 0.000461
26       0 0.000016
27       1 0.001158
28       0 0.001460
29       1 0.000316
30       0 0.000032
31       1 0.001097
32       0 0.000536
33       1 0.000381
34       0 0.000013
35       1 0.002676
36       0 0.000047
37       1 0.000142
38       0 0.000011
39       1 0.000591
40       0 0.000020
41       1 0.003367
42       0 0.000029
43       1 0.000047
44       0 0.000021
45       1 0.004168
46       0 0.000047
47       1 0.000344
48       0 0.000034
49       1 0.000260
50       0 0.000014
51       1 0.002391
52       0 0.000308
53       1 0.003445
54       0 0.000024
55       1 0.003494
56       0 0.000185
57       1 0.001540
58       0 0.000058
59       1 0.000062
60       0 0.000045
61       1 0.000067
62       0 0.000144
63       1 0.000325
64       0 0.000198
65       1 0.001729
66       0 0.000014
67       1 0.000400
68       0 0.000043
69       1 0.000242
70       0 0.000669
71       1 0.000144
72       0 0.023880
73       1 0.001379
74       0 0.000068
75       1 0.000283
76       0 0.000455
77       1 0.000728
78       0 0.000034
79       1 0.000407
80       0 0.000015
81       1 0.001669
82       0 0.000053
83       1 0.002830
84       0 0.000666
85       1 0.000675
86       0 0.000820
87       1 0.000189
88       0 0.000668
89       1 0.000219
90       0 0.000132
91       1 0.001359
92       0 0.000223
93       1 0.002154
94       0 0.000117
95       1 0.000517
96       0 0.000659
97       1 0.000105
98       0 0.000279
99       1 0.001184
100      0 0.000111
101      1 0.000037
102      0 0.000119
103      1 0.000044
104      0 0.000041
105      1 0.000148
106      0 0.000033
107      1 0.000879
108      0 0.000041
109      1 0.000368
110      0 0.000051
111      1 0.002582
112      0 0.000229
113      1 0.005689
114      0 0.000025
115      1 0.000259
116      0 0.000024
117      1 0.002491
118      0 0.000053
119      1 0.000070
120      0 0.000084
121      1 0.001068
122      0 0.000142
123      1 0.003962
124      0 0.000116
125      1 0.000338
126      0 0.000471
127      1 0.001032
128      0 0.000382
129      1 0.000136
130      0 0.000110
131      1 0.001353
132      0 0.000253
133      1 0.000765
134      0 0.000031
135      1 0.000413
136      0 0.000021
137      1 0.004082
138      0 0.000074
139      1 0.000823
140      0 0.000088
141      1 0.001210
142      0 0.000048
143      1 0.001884
144      0 0.000032
145      1 0.000181
146      0 0.000034
147      1 0.002624
148      0 0.000139
149      1 0.002903
150      0 0.000015
151      1 0.000181
152      0 0.002488
153      1 0.000442
154      0 0.000012
155      1 0.001175
156      0 0.000029
157      1 0.004572
158      0 0.000015
159      1 0.001156

[[2]]
  states   dwells
1      1 0.000027
2      0 0.018441
3      1 0.000047

[[3]]
   states   dwells
1       1 0.000402
2       0 0.000513
3       1 0.001633
4       0 0.000764
5       1 0.000094
6       0 0.000014
7       1 0.000063
8       0 0.000422
9       1 0.000751
10      0 0.000524
11      1 0.000528
12      0 0.000013
13      1 0.000570
14      0 0.000211
15      1 0.001384
16      0 0.000559
17      1 0.000112
18      0 0.000026
19      1 0.000149
20      0 0.000024
21      1 0.000096
22      0 0.000141
23      1 0.002282
24      0 0.000017
25      1 0.000212
26      0 0.000030
27      1 0.000225
28      0 0.000030
29      1 0.002535
30      0 0.000026
31      1 0.000980
32      0 0.000482
33      1 0.000433
34      0 0.000015
35      1 0.002285
36      0 0.000780
37      1 0.000150
38      0 0.000764
39      1 0.000094
40      0 0.000030
41      1 0.000330
42      0 0.000045
43      1 0.000703
44      0 0.000086
45      1 0.000634
46      0 0.000059
47      1 0.000396
48      0 0.000800
49      1 0.000129
50      0 0.000604
51      1 0.000281
52      0 0.000049
53      1 0.000022
54      0 0.000133
55      1 0.001847
56      0 0.000087
57      1 0.005881
58      0 0.000051
59      1 0.000568
60      0 0.000256
61      1 0.000321
62      0 0.000951
63      1 0.000760
64      0 0.000172
65      1 0.001205
66      0 0.000071
67      1 0.000333

[[4]]
   states   dwells
1       1 0.002081
2       0 0.000242
3       1 0.000341
4       0 0.000012
5       1 0.000367
6       0 0.000198
7       1 0.001213
8       0 0.000148
9       1 0.000332
10      0 0.000018
11      1 0.001085
12      0 0.000201
13      1 0.004008
14      0 0.001115
15      1 0.000115
16      0 0.000945
17      1 0.001465
18      0 0.000354
19      1 0.000294
20      0 0.001750
21      1 0.001560
22      0 0.000037
23      1 0.000824
24      0 0.000034
25      1 0.001526
26      0 0.000940
27      1 0.003573
28      0 0.000105
29      1 0.000278
30      0 0.001567
31      1 0.004216
32      0 0.000610
33      1 0.000402

> bursts_twoplus
[[1]]
    states   dwells
1        1 0.001380
2        0 0.000034
3        1 0.001759
4        0 0.000312
5        1 0.001201
6        0 0.000535
7        1 0.000185
8        0 0.000297
9        1 0.000264
10       0 0.000276
11       1 0.000736
12       0 0.000021
13       1 0.000779
14       0 0.000187
15       1 0.001792
16       0 0.000015
17       1 0.002639
18       0 0.002035
19       1 0.000117
20       0 0.001945
21       1 0.000303
22       0 0.002349
23       1 0.002262
24       0 0.000712
25       1 0.000461
26       0 0.000016
27       1 0.001158
28       0 0.001460
29       1 0.000316
30       0 0.000032
31       1 0.001097
32       0 0.000536
33       1 0.000381
34       0 0.000013
35       1 0.002676
36       0 0.000047
37       1 0.000142
38       0 0.000011
39       1 0.000591
40       0 0.000020
41       1 0.003367
42       0 0.000029
43       1 0.000047
44       0 0.000021
45       1 0.004168
46       0 0.000047
47       1 0.000344
48       0 0.000034
49       1 0.000260
50       0 0.000014
51       1 0.002391
52       0 0.000308
53       1 0.003445
54       0 0.000024
55       1 0.003494
56       0 0.000185
57       1 0.001540
58       0 0.000058
59       1 0.000062
60       0 0.000045
61       1 0.000067
62       0 0.000144
63       1 0.000325
64       0 0.000198
65       1 0.001729
66       0 0.000014
67       1 0.000400
68       0 0.000043
69       1 0.000242
70       0 0.000669
71       1 0.000144
72       0 0.023880
73       1 0.001379
74       0 0.000068
75       1 0.000283
76       0 0.000455
77       1 0.000728
78       0 0.000034
79       1 0.000407
80       0 0.000015
81       1 0.001669
82       0 0.000053
83       1 0.002830
84       0 0.000666
85       1 0.000675
86       0 0.000820
87       1 0.000189
88       0 0.000668
89       1 0.000219
90       0 0.000132
91       1 0.001359
92       0 0.000223
93       1 0.002154
94       0 0.000117
95       1 0.000517
96       0 0.000659
97       1 0.000105
98       0 0.000279
99       1 0.001184
100      0 0.000111
101      1 0.000037
102      0 0.000119
103      1 0.000044
104      0 0.000041
105      1 0.000148
106      0 0.000033
107      1 0.000879
108      0 0.000041
109      1 0.000368
110      0 0.000051
111      1 0.002582
112      0 0.000229
113      1 0.005689
114      0 0.000025
115      1 0.000259
116      0 0.000024
117      1 0.002491
118      0 0.000053
119      1 0.000070
120      0 0.000084
121      1 0.001068
122      0 0.000142
123      1 0.003962
124      0 0.000116
125      1 0.000338
126      0 0.000471
127      1 0.001032
128      0 0.000382
129      1 0.000136
130      0 0.000110
131      1 0.001353
132      0 0.000253
133      1 0.000765
134      0 0.000031
135      1 0.000413
136      0 0.000021
137      1 0.004082
138      0 0.000074
139      1 0.000823
140      0 0.000088
141      1 0.001210
142      0 0.000048
143      1 0.001884
144      0 0.000032
145      1 0.000181
146      0 0.000034
147      1 0.002624
148      0 0.000139
149      1 0.002903
150      0 0.000015
151      1 0.000181
152      0 0.002488
153      1 0.000442
154      0 0.000012
155      1 0.001175
156      0 0.000029
157      1 0.004572
158      0 0.000015
159      1 0.001156

[[2]]
  states   dwells
1      1 0.000027
2      0 0.018441
3      1 0.000047

[[3]]
   states   dwells
1       1 0.000402
2       0 0.000513
3       1 0.001633
4       0 0.000764
5       1 0.000094
6       0 0.000014
7       1 0.000063
8       0 0.000422
9       1 0.000751
10      0 0.000524
11      1 0.000528
12      0 0.000013
13      1 0.000570
14      0 0.000211
15      1 0.001384
16      0 0.000559
17      1 0.000112
18      0 0.000026
19      1 0.000149
20      0 0.000024
21      1 0.000096
22      0 0.000141
23      1 0.002282
24      0 0.000017
25      1 0.000212
26      0 0.000030
27      1 0.000225
28      0 0.000030
29      1 0.002535
30      0 0.000026
31      1 0.000980
32      0 0.000482
33      1 0.000433
34      0 0.000015
35      1 0.002285
36      0 0.000780
37      1 0.000150
38      0 0.000764
39      1 0.000094
40      0 0.000030
41      1 0.000330
42      0 0.000045
43      1 0.000703
44      0 0.000086
45      1 0.000634
46      0 0.000059
47      1 0.000396
48      0 0.000800
49      1 0.000129
50      0 0.000604
51      1 0.000281
52      0 0.000049
53      1 0.000022
54      0 0.000133
55      1 0.001847
56      0 0.000087
57      1 0.005881
58      0 0.000051
59      1 0.000568
60      0 0.000256
61      1 0.000321
62      0 0.000951
63      1 0.000760
64      0 0.000172
65      1 0.001205
66      0 0.000071
67      1 0.000333

[[4]]
   states   dwells
1       1 0.002081
2       0 0.000242
3       1 0.000341
4       0 0.000012
5       1 0.000367
6       0 0.000198
7       1 0.001213
8       0 0.000148
9       1 0.000332
10      0 0.000018
11      1 0.001085
12      0 0.000201
13      1 0.004008
14      0 0.001115
15      1 0.000115
16      0 0.000945
17      1 0.001465
18      0 0.000354
19      1 0.000294
20      0 0.001750
21      1 0.001560
22      0 0.000037
23      1 0.000824
24      0 0.000034
25      1 0.001526
26      0 0.000940
27      1 0.003573
28      0 0.000105
29      1 0.000278
30      0 0.001567
31      1 0.004216
32      0 0.000610
33      1 0.000402

